address
0x02f9b9ae100631cd96800bb8863f6fe985698848
0x1add1758b593952e6e34e6a436a02a79a9dd9e9d
0x880530ef13f41c599db11a48faad9978def58f63
0x9ac56c1107042ee95b826a816a671312316b8868
0xa35468b156b4e0654e8c002dc19e50e4af3a5555
0xee5ad4e4b39843bb228a88816942fab8ceb08888
0x0aff928f68f0fb75409417196986e1be9ce33333
0xceebed28e1e927ac6da488bfe5e11c4089272fd1
0xe06d3b32a53eedaf501c93e376c634d488a316c7
0x37179dff48bc792497dafb2cd575f82333801278
0xc0ad0a8a9009e92a34a10e8b99ba48b4dfa3ff90
0x0a7851b65460fa2f7048001188507c1c07a31314
0x0b233e7044f495e6bfbd3711434e414344a5ff8a
0x83a67ca0a5dd8778bfa86a2b0a1bb13d44a08848
0x867f519504db337b9092085fa23670684f42b5fa
0xb38b20db61be73d38c64b1d7b9a196786fab5f10
0xe07b8c3f4e4dc5b8be3c64339bcb952d2d6d5a8c
0xfe3fd87ea997fbeac80b355f15831dd3c78cdbd4
0x87d1f1e5391d0f280480f2f8fd2319bae8f69999
0x9aeb20df6e3dec0e4e72d6155995edabe319e7b6
0xac708c15091a22aa48b50c7dfb83c2ff63ec1314
0x1625a07d88f600877ce0695f36874f32431e1111
0x1742a32d1bcf66899aa3b225e465a5b5ee6e7777
0x26aa9cbf025fb9938056476b77fe7c5c374c2222
0x47a06551815b18adc6d0216a2fca84b342907e1a
0x80b7948ea2575b16e5431d07a6a027c0087e4444
0x2ecb409ec3cbbacdf073ca5d6e2dee5b7e1f0000
0x2f6122979b2f5d4dcafe942532e01ccfe59bc071
0x4cb091f7a6efbe810da4bd51f7f6cee6dc10f2b0
0x98b6e90d3ffad367436aaa32fd2b6577ff0c6666
0x4f4e13b91c31c6db330e1c375b9c6f86eaea411e
